image_width: 640
image_height: 480
camera_name: narrow_stereo/left
camera_matrix:
  rows: 3
  cols: 3
  data: [572.456479, 0, 319.192347, 0, 572.77882, 278.791779, 0, 0, 1]
distortion_model: plumb_bob
distortion_coefficients:
  rows: 1
  cols: 5
  data: [0.056393, -0.143871, 0.010402, 0.002314, 0]
rectification_matrix:
  rows: 3
  cols: 3
  data: [1, 0, 0, 0, 1, 0, 0, 0, 1]
projection_matrix:
  rows: 3
  cols: 4
  data: [575.183411, 0, 320.010897, 0, 0, 573.378906, 281.936095, 0, 0, 0, 1, 0]