image_width: 640
image_height: 480
camera_name: narrow_stereo/left
camera_matrix:
  rows: 3
  cols: 3
  data: [954.74035, 0, 334.010525, 0, 956.915463, 314.863329, 0, 0, 1]
distortion_model: plumb_bob
distortion_coefficients:
  rows: 1
  cols: 5
  data: [-0.290731, 0.132353, -0.002313, -0.003038, 0]
rectification_matrix:
  rows: 3
  cols: 3
  data: [1, 0, 0, 0, 1, 0, 0, 0, 1]
projection_matrix:
  rows: 3
  cols: 4
  data: [921.897644, 0, 333.333856, 0, 0, 933.254517, 316.337139, 0, 0, 0, 1, 0]