image_width: 640
image_height: 480
camera_name: head_camera
camera_matrix:
  rows: 3
  cols: 3
  data: [756.483478, 0, 316.368979, 0, 755.693164, 242.552548, 0, 0, 1]
distortion_model: plumb_bob
distortion_coefficients:
  rows: 1
  cols: 5
  data: [0.054485, -0.092816, 0.003365, -0.001424, 0]
rectification_matrix:
  rows: 3
  cols: 3
  data: [1, 0, 0, 0, 1, 0, 0, 0, 1]
projection_matrix:
  rows: 3
  cols: 4
  data: [762.846008, 0, 315.212238, 0, 0, 760.919861, 243.231998, 0, 0, 0, 1, 0]
