# oST version 5.0 parameters


[image]

width
640

height
480

[head_camera]

camera matrix
756.483478 0.000000 316.368979
0.000000 755.693164 242.552548
0.000000 0.000000 1.000000

distortion
0.054485 -0.092816 0.003365 -0.001424 0.000000

rectification
1.000000 0.000000 0.000000
0.000000 1.000000 0.000000
0.000000 0.000000 1.000000

projection
762.846008 0.000000 315.212238 0.000000
0.000000 760.919861 243.231998 0.000000
0.000000 0.000000 1.000000 0.000000

