# oST version 5.0 parameters


[image]

width
640

height
480

[narrow_stereo/left]

camera matrix
572.456479 0.000000 319.192347
0.000000 572.778820 278.791779
0.000000 0.000000 1.000000

distortion
0.056393 -0.143871 0.010402 0.002314 0.000000

rectification
1.000000 0.000000 0.000000
0.000000 1.000000 0.000000
0.000000 0.000000 1.000000

projection
575.183411 0.000000 320.010897 0.000000
0.000000 573.378906 281.936095 0.000000
0.000000 0.000000 1.000000 0.000000

