# oST version 5.0 parameters


[image]

width
640

height
480

[narrow_stereo/left]

camera matrix
954.740350 0.000000 334.010525
0.000000 956.915463 314.863329
0.000000 0.000000 1.000000

distortion
-0.290731 0.132353 -0.002313 -0.003038 0.000000

rectification
1.000000 0.000000 0.000000
0.000000 1.000000 0.000000
0.000000 0.000000 1.000000

projection
921.897644 0.000000 333.333856 0.000000
0.000000 933.254517 316.337139 0.000000
0.000000 0.000000 1.000000 0.000000

